336
  0          0          0
  1         18          1          0
  2         14          1          0
  3         14          1          0
  4         37          3          1          2          3
  5          5          1          0
  6          1          1          5
  7          1          1          5
  8          1          1          5
  9         15          1          0
 10          5          1          9
 11          9          1         10
 12          9          1         10
 13          9          1         10
 14          9          1         10
 15          9          1         10
 16          9          1         10
 17         16          1         11
 18         16          1         12
 19         16          1         13
 20         12          2          2         14
 21          8          2          3         15
 22         12          2          1         14
 23          8          2          3         16
 24         12          2          1         15
 25          8          2          2         16
 26         86         10          4         17         18         19         20         21         22         23         24         25
 27         19          1          6
 28          7          1          7
 29          7          1          8
 30         11          3          1          2          3
 31         11          3          1          2          3
 32         11          3          1          2          3
 33         20          1          0
 34         12          1          0
 35         12          1          0
 36         16          1          0
 37         12          1          0
 38         12          1          0
 39         16          1          0
 40          8          1          0
 41         12          1          0
 42         86         10         26         33         34         35         36         37         38         39         40         41
 43          7          1         27
 44          7          1         28
 45          7          1         29
 46         11          3          1          2          3
 47         11          3          1          2          3
 48         11          3          1          2          3
 49         16          1          0
 50          8          1          0
 51          8          1          0
 52         16          1          0
 53          8          1          0
 54          8          1          0
 55         16          1          0
 56          8          1          0
 57          8          1          0
 58         86         10         42         49         50         51         52         53         54         55         56         57
 59          7          1         43
 60          7          1         44
 61          7          1         45
 62         11          3          1          2          3
 63         11          3          1          2          3
 64         11          3          1          2          3
 65         14          1          0
 66         10          1          0
 67         10          1          0
 68         14          1          0
 69         10          1          0
 70         10          1          0
 71         14          1          0
 72         10          1          0
 73         10          1          0
 74         14          1          0
 75         10          1          0
 76         10          1          0
 77         14          1          0
 78         10          1          0
 79         10          1          0
 80         14          1          0
 81         10          1          0
 82         10          1          0
 83         14          1          0
 84         10          1          0
 85         10          1          0
 86         14          1          0
 87         10          1          0
 88         10          1          0
 89         14          1          0
 90         10          1          0
 91         10          1          0
 92        248         28         58         65         66         67         68         69         70         71         72         73         74         75         76         77         78         79         80         81         82         83         84         85         86         87         88         89         90         91
 93         19          1         59
 94         19          1         60
 95         19          1         61
 96         19         10         46         49         50         51         52         53         54         55         56         57
 97         19         10         47         49         50         51         52         53         54         55         56         57
 98         19         10         48         49         50         51         52         53         54         55         56         57
 99         19         10         33         34         35         36         37         38         39         40         41         62
100         19         10         33         34         35         36         37         38         39         40         41         63
101         19         10         33         34         35         36         37         38         39         40         41         64
102          9          1          9
103          9          1          9
104          9          1          9
105          9          1          9
106          9          1          9
107          9          1          9
108          9          1          9
109          9          1          9
110          9          1          9
111          9          1          9
112         12          1        103
113          8          1        108
114          8          1        110
115         12          1        106
116          8          1        104
117          8          1        111
118         12          1        107
119          8          1        109
120          8          1        105
121         14          1        106
122         14          1        107
123         14          1        106
124         14          1        102
125         14          1        107
126         14          1        102
127         10          1        108
128         10          1        102
129         10          1        108
130         10          1        109
131         10          1        102
132         10          1        109
133         10          1        102
134         10          1        110
135         10          1        102
136         10          1        111
137         10          1        110
138         10          1        111
139          6          2         17        112
140          6          2         20        121
141          6          2         21        122
142          6          2         22        123
143          6          2         18        113
144          6          2         23        124
145          6          2         24        125
146          6          2         25        126
147          6          2         19        114
148          6          2         17        115
149          6          2         20        127
150          6          2         21        128
151          6          2         22        129
152          6          2         18        116
153          6          2         23        130
154          6          2         24        131
155          6          2         25        132
156          6          2         19        117
157          6          2         17        118
158          6          2         20        133
159          6          2         21        134
160          6          2         22        135
161          6          2         18        119
162          6          2         23        136
163          6          2         24        137
164          6          2         25        138
165          6          2         19        120
166        248         28         92        139        140        141        142        143        144        145        146        147        148        149        150        151        152        153        154        155        156        157        158        159        160        161        162        163        164        165
167         55          1         93
168         19          1         94
169         19          1         95
170         19         10         30         33         34         35         36         37         38         39         40         41
171         19         10         31         33         34         35         36         37         38         39         40         41
172         19         10         32         33         34         35         36         37         38         39         40         41
173         19         10         17         18         19         20         21         22         23         24         25         96
174         19         10         17         18         19         20         21         22         23         24         25         97
175         19         10         17         18         19         20         21         22         23         24         25         98
176          6          2         17        112
177          6          2         20        121
178          6          2         21        122
179          6          2         22        123
180          6          2         18        113
181          6          2         23        124
182          6          2         24        125
183          6          2         25        126
184          6          2         19        114
185          6          2         17        115
186          6          2         20        127
187          6          2         21        128
188          6          2         22        129
189          6          2         18        116
190          6          2         23        130
191          6          2         24        131
192          6          2         25        132
193          6          2         19        117
194          6          2         17        118
195          6          2         20        133
196          6          2         21        134
197          6          2         22        135
198          6          2         18        119
199          6          2         23        136
200          6          2         24        137
201          6          2         25        138
202          6          2         19        120
203        248         28        166        176        177        178        179        180        181        182        183        184        185        186        187        188        189        190        191        192        193        194        195        196        197        198        199        200        201        202
204         55          1        167
205         19          1        168
206         19          1        169
207         19         10         49         50         51         52         53         54         55         56         57        170
208         19         10         49         50         51         52         53         54         55         56         57        171
209         19         10         49         50         51         52         53         54         55         56         57        172
210         19         10         17         18         19         20         21         22         23         24         25         99
211         19         10         17         18         19         20         21         22         23         24         25        100
212         19         10         17         18         19         20         21         22         23         24         25        101
213         19          1          0
214          5          4          5          6          7          8
215         19          1        214
216          9          1        215
217          5          1        216
218         14          1        214
219          5          1        218
220          5          4        213        214        215        218
221          7          3        217        219        220
222         10          2        216        220
223         10          2        216        220
224         10          2        215        220
225         13          3        215        218        220
226          1          7        213        220        221        222        223        224        225
227          7          3        217        219        226
228          6          2        216        226
229          6          2        215        226
230          6          2        216        226
231         13          3        215        218        226
232          5          7        213        226        227        228        229        230        231
233          7          3        217        219        232
234          6          2        215        232
235          6          2        216        232
236          6          2        216        232
237          9          3        215        218        232
238         32          3         17        112        221
239         28          2         20        121
240         28          2         21        122
241         28          2         22        123
242         27          2         18        113
243         28          2         23        124
244         28          2         24        125
245         28          2         25        126
246         23          3         19        114        237
247         36          3         17        112        115
248         34          3         20        121        127
249         30          3         21        122        128
250         31          3         22        123        129
251         24          4         18        113        116        228
252         30          3         23        124        130
253         30          3         24        125        131
254         31          3         25        126        132
255         24          4         19        114        117        234
256         36          3         17        112        118
257         34          3         20        121        133
258         35          3         21        122        134
259         30          3         22        123        135
260         28          3         18        113        119
261         30          3         23        124        136
262         31          3         24        125        137
263         30          3         25        126        138
264         24          4         19        114        120        235
265         36          4         17        112        115        222
266         35          3         20        121        127
267         34          3         21        122        128
268         30          3         22        123        129
269         28          3         18        113        116
270         31          3         23        124        130
271         30          3         24        125        131
272         30          3         25        126        132
273         28          3         19        114        117
274         31          3         17        115        225
275         28          2         20        127
276         28          2         21        128
277         28          2         22        129
278         23          3         18        116        227
279         28          2         23        130
280         28          2         24        131
281         28          2         25        132
282         27          2         19        117
283         36          3         17        115        118
284         34          3         20        127        133
285         34          3         21        128        134
286         31          3         22        129        135
287         28          3         18        116        119
288         30          3         23        130        136
289         30          3         24        131        137
290         31          3         25        132        138
291         24          4         19        117        120        236
292         36          4         17        112        118        223
293         34          3         20        121        133
294         35          3         21        122        134
295         30          3         22        123        135
296         24          4         18        113        119        229
297         30          3         23        124        136
298         31          3         24        125        137
299         30          3         25        126        138
300         28          3         19        114        120
301         36          4         17        115        118        224
302         35          3         20        127        133
303         34          3         21        128        134
304         30          3         22        129        135
305         24          4         18        116        119        230
306         31          3         23        130        136
307         30          3         24        131        137
308         30          3         25        132        138
309         28          3         19        117        120
310         35          2         17        118
311         28          2         20        133
312         28          2         21        134
313         28          2         22        135
314         23          3         18        119        231
315         28          2         23        136
316         28          2         24        137
317         28          2         25        138
318         23          3         19        120        233
319        404         81        238        239        240        241        242        243        244        245        246        247        248        249        250        251        252        253        254        255        256        257        258        259        260        261        262        263        264        265        266        267        268        269        270        271        272        273        274        275        276        277        278        279        280        281        282        283        284        285        286        287        288        289        290        291        292        293        294        295        296        297        298        299        300        301        302        303        304        305        306        307        308        309        310        311        312        313        314        315        316        317        318
320          9          1        319
321          5          2        203        320
322        167          1        204
323         59          1        205
324         59          1        206
325         59         28         65         66         67         68         69         70         71         72         73         74         75         76         77         78         79         80         81         82         83         84         85         86         87         88         89         90         91        207
326         59         28         65         66         67         68         69         70         71         72         73         74         75         76         77         78         79         80         81         82         83         84         85         86         87         88         89         90         91        208
327         59         28         65         66         67         68         69         70         71         72         73         74         75         76         77         78         79         80         81         82         83         84         85         86         87         88         89         90         91        209
328         59         28        173        176        177        178        179        180        181        182        183        184        185        186        187        188        189        190        191        192        193        194        195        196        197        198        199        200        201        202
329         59         28        174        176        177        178        179        180        181        182        183        184        185        186        187        188        189        190        191        192        193        194        195        196        197        198        199        200        201        202
330         59         28        175        176        177        178        179        180        181        182        183        184        185        186        187        188        189        190        191        192        193        194        195        196        197        198        199        200        201        202
331         59         28        139        140        141        142        143        144        145        146        147        148        149        150        151        152        153        154        155        156        157        158        159        160        161        162        163        164        165        210
332         59         28        139        140        141        142        143        144        145        146        147        148        149        150        151        152        153        154        155        156        157        158        159        160        161        162        163        164        165        211
333         59         28        139        140        141        142        143        144        145        146        147        148        149        150        151        152        153        154        155        156        157        158        159        160        161        162        163        164        165        212
334         16          1          0
335          0         14        321        322        323        324        325        326        327        328        329        330        331        332        333        334
# Standard Task Graph Set Project
# Application Task Graph fpppp.stg
#   Application Name  : subroutine fpppp (SPEC95 fpppp)
#   Tasks             : 334 (+dummy tasks : 2)
#   Edges             : 1145 (+dammy edges : 66)
#   Max. Predecessors : 81
#   Min. Predecessors : 0
#   Ave. Predecessors : 3.428144
#   Max. Proc. Time   : 404
#   Min. Proc. Time   : 0
#   Ave. Proc. Time   : 21.344311
# CP Length           : 1062
# Parallelism         : 6.712806