90
  0          0          0
  1          1          1          0
  2          1          1          0
  3          5          1          1
  4          5          1          1
  5         10          1          1
  6         28          2          1          4
  7          5          1          1
  8         10          1          1
  9          1          2          5          6
 10         57          1          5
 11         66          1          5
 12         38          1          5
 13         15          1          6
 14         24          1          6
 15         10          1          6
 16         15          3          2          7          8
 17         10          1          2
 18         10          1          9
 19         24          3         12         15         17
 20         40          2          9         18
 21         32          1          9
 22         57          1          9
 23         15          1          9
 24         10          1          9
 25         38          1          9
 26         53          1          9
 27         10          1          9
 28         12          2         10         13
 29         39          3         11         14         19
 30          4          1         19
 31         24          3         26         27         30
 32         24          1         20
 33         15          1         20
 34         10          1         21
 35         32          1         21
 36         57          1         21
 37         66          1         21
 38         12          2         22         23
 39         39          3         24         25         31
 40         28          1         31
 41         40          2         20         34
 42         12          2         33         36
 43         10          1         35
 44         57          1         35
 45         32          1         35
 46         66          1         35
 47         15          1         41
 48         24          1         41
 49         39          2         32         37
 50         28          1         40
 51         40          2         41         43
 52         12          2         44         47
 53        111          1         45
 54         84          1         45
 55         38          1         45
 56         39          3         46         48         50
 57         28          1         50
 58         69          1         51
 59         42          1         51
 60         10          1         51
 61         24          3         55         57         60
 62         12          2         53         58
 63         39          3         54         59         61
 64         42          1         63
 65         12          2         62         64
 66         28          1         65
 67         24          1         56
 68         40          1         56
 69         24          3         52         66         67
 70         24          1         49
 71         28          1         69
 72         40          2         49         68
 73         40          2         39         72
 74         38          1         72
 75         24          3         42         70         71
 76         36          2         74         75
 77         10          1         39
 78         24          3         38         76         77
 79         10          1         73
 80         12          2         29         73
 81         40          2         16         80
 82         24          1         29
 83          8          2         78         79
 84         24          3         28         82         83
 85         24          1         80
 86         36          2         84         85
 87         24          1         16
 88         24          3          3         86         87
 89          0          2         81         88