98
  0          0          0
  1         22          1          0
  2         18          1          0
  3         22          1          0
  4         22          1          0
  5         18          1          0
  6         22          1          0
  7         22          1          0
  8         22          1          0
  9         22          1          0
 10         22          1          0
 11         22          1          0
 12         18          1          0
 13         10          1          3
 14         18          1         13
 15         22          1          0
 16         22          1          0
 17         14          1         11
 18         14          1          0
 19         18          1         18
 20         22          1          0
 21         14          1         20
 22         22          1          0
 23         10          2         17         19
 24         10          1         12
 25         22          1          0
 26         18          1          0
 27         22          1          0
 28         22          1          0
 29         18          1          0
 30         22          1          0
 31         22          1          0
 32         18          1          0
 33         18          1          0
 34         22          1          0
 35         22          1          0
 36         22          1          0
 37         18          1          0
 38         22          1          0
 39         22          1          0
 40         22          1          0
 41         22          1          0
 42         28          1         27
 43         18          1          0
 44         22          1          0
 45         22          1          0
 46         22          1          0
 47         22          1          0
 48         28          1         46
 49         18          1          0
 50         22          1          0
 51         22          1          0
 52         22          1          0
 53         18          1          0
 54         28          1         45
 55         28          1         41
 56         34          2         30         36
 57         18          1          0
 58         18          1          0
 59         26          2         28         32
 60         24          1         33
 61         22          1          0
 62         28          1         56
 63         18          1          0
 64         20          1         31
 65         28          1         35
 66         22          1          0
 67         22          1          0
 68         22          1          0
 69         22          1          0
 70         18          1          0
 71         28          1         63
 72         22          1          0
 73         22          1          0
 74         22          1          0
 75         28          1         73
 76         30          2         61         71
 77         22          1          0
 78         26          3         21         70         72
 79         24          6         17         23         24         58         64         78
 80         30          2         37         78
 81         28          1         79
 82         22          1          0
 83         28          1         51
 84         22          1          0
 85         22          1          0
 86         22          1          0
 87          8          5         25         26         80         81         82
 88          6          3         20         70         72
 89          6          3         19         64         78
 90          6          3         14         59         74
 91          8          5         11         12         58         64         79
 92          6          3          7         43         79
 93          6          3          3         32         74
 94          6          2         31         78
 95          6          3          2         29         83
 96         16          1          0
 97          0         48          1          4          5          6          8          9         10         15         16         22         34         38         39         40         42         44         47         48         49         50         52         53         54         55         57         60         62         65         66         67         68         69         75         76         77         84         85         86         87         88         89         90         91         92         93         94         95         96
# Standard Task Graph Set Project
# Application Task Graph sparse.stg
#   Application Name  : Sparse Matrix Solver
#   Tasks             : 96 (+dummy tasks : 2)
#   Edges             : 67 (+dammy edges : 110)
#   Max. Predecessors : 6
#   Min. Predecessors : 0
#   Ave. Predecessors : 0.697917
#   Max. Proc. Time   : 34
#   Min. Proc. Time   : 0
#   Ave. Proc. Time   : 20.166667
# CP Length           : 122
# Parallelism         : 15.868853